klas_Id-Length_w	klas_Id-Length_i	klas_STW_w	klas_STW_i	klas_*VVC_w	klas_*VVC_i	en_Id-Length_w	en_Id-Length_i	en_STW_w	en_STW_i	en_*VVC_w	en_*VVC_i	kip_Id-Length_w	kip_Id-Length_i	kip_STW_w	kip_STW_i	kip_*VVC_w	kip_*VVC_i	baas_Id-Length_w	baas_Id-Length_i	baas_STW_w	baas_STW_i	baas_*VVC_w	baas_*VVC_i	poot_Id-Length_w	poot_Id-Length_i	poot_STW_w	poot_STW_i	poot_*VVC_w	poot_*VVC_i	glas_Id-Length_w	glas_Id-Length_i	glas_STW_w	glas_STW_i	glas_*VVC_w	glas_*VVC_i	slot_Id-Length_w	slot_Id-Length_i	slot_STW_w	slot_STW_i	slot_*VVC_w	slot_*VVC_i
0	0	0	0	0	0	0	0	0	0	0	0	0	0	0	0	0	0	0	0	0	0	0	0	0	0	0	0	0	0	0	0	0	0	0	0	0	0	0	0	0	0
0	0	0	0	0	0	0	0	0	0	0	0	0	0	0	0	2.01	1	0	0	0	0	0	0	0	0	0	0	0	0	0	0	0	0	0	0	0	0	1.9	1	0	0
2.0	2	0	0	0	0	1.96	1	0	0	0	0	1.96	1	0	0	2.01	1	1.96	1	0	0	0	0	0	0	0	0	0	0	0	0	0	0	0	0	0	0	1.8699999999999999	1	0	0
2.0199999999999996	2	0	0	0	0	0	0	0	0	0	0	1.95	1	0	0	2.039999999999999	1	1.95	1	0	0	0	0	0	0	1.8699999999999999	1	0	0	0	0	0	0	0	0	0	0	1.99	2	2.039999999999999	1
2.0	3	0	0	0	0	0	0	1.8099999999999998	1	0	0	2.0599999999999987	2	0	0	2.0599999999999987	1	1.96	1	0	0	0	0	0	0	1.8099999999999998	1	0	0	0	0	1.8099999999999998	1	0	0	0	0	1.98	2	2.0599999999999987	1
2.089999999999998	3	0	0	0	0	0	0	1.6999999999999997	1	0	0	2.0599999999999987	2	0	0	2.0799999999999983	1	1.97	1	0	0	0	0	0	0	1.6999999999999997	1	0	0	0	0	1.6999999999999997	1	2.0	3	0	0	1.6999999999999997	1	2.0	2
2.1199999999999974	3	0	0	0	0	0	0	1.6699999999999997	1	0	0	2.089999999999998	2	0	0	2.089999999999998	1	1.98	1	0	0	0	0	0	0	1.6699999999999997	1	0	0	0	0	1.6699999999999997	1	2.089999999999998	1	0	0	1.6699999999999997	1	2.0	2
2.139999999999997	3	0	0	0	0	0	0	1.6999999999999997	1	0	0	2.1099999999999977	2	0	0	2.1099999999999977	1	1.95	1	0	0	0	0	0	0	1.6999999999999997	1	0	0	1.95	1	2.0	2	2.1099999999999977	1	0	0	1.6999999999999997	1	2.039999999999999	2
2.149999999999997	3	0	0	0	0	0	0	0	0	0	0	2.1599999999999966	2	0	0	2.1099999999999977	1	1.91	1	0	0	0	0	0	0	1.6699999999999997	1	0	0	1.91	1	2.049999999999999	2	2.1099999999999977	1	0	0	1.6699999999999997	1	2.1099999999999977	1
2.1599999999999966	3	0	0	0	0	0	0	1.6699999999999997	1	0	0	2.1599999999999966	2	0	0	2.1299999999999972	1	1.89	1	0	0	0	0	0	0	1.6699999999999997	1	0	0	1.89	1	2.0799999999999983	2	2.1299999999999972	1	0	0	1.6699999999999997	1	2.1299999999999972	1
2.1699999999999964	3	0	0	0	0	0	0	1.6999999999999997	1	0	0	2.1699999999999964	2	0	0	2.139999999999997	1	1.88	1	0	0	0	0	0	0	1.6999999999999997	1	0	0	1.88	1	2.089999999999998	2	2.139999999999997	1	0	0	1.6999999999999997	1	2.139999999999997	1
2.189999999999996	3	0	0	0	0	0	0	1.6999999999999997	1	0	0	2.1999999999999957	2	0	0	2.1699999999999964	1	1.8699999999999999	1	0	0	0	0	0	0	1.6999999999999997	1	0	0	1.8699999999999999	1	2.1099999999999977	2	2.1699999999999964	1	0	0	2.1099999999999977	2	2.1699999999999964	1
2.229999999999995	3	0	0	0	0	0	0	1.6899999999999997	1	0	0	2.1999999999999957	2	0	0	2.179999999999996	1	1.8599999999999999	1	0	0	0	0	0	0	1.6899999999999997	1	0	0	1.8599999999999999	1	2.1199999999999974	2	2.179999999999996	1	0	0	2.1199999999999974	2	2.179999999999996	1
2.229999999999995	3	0	0	0	0	0	0	1.7099999999999997	1	0	0	2.2099999999999955	2	0	0	2.1999999999999957	1	1.8599999999999999	1	0	0	0	0	0	0	1.7099999999999997	1	0	0	0	0	1.7099999999999997	1	2.1999999999999957	1	0	0	2.139999999999997	2	2.1999999999999957	1
2.229999999999995	3	0	0	0	0	0	0	1.7499999999999998	1	0	0	2.2099999999999955	2	0	0	2.2099999999999955	1	1.8699999999999999	1	0	0	0	0	0	0	1.7499999999999998	1	0	0	0	0	1.7499999999999998	1	2.2099999999999955	1	0	0	2.1299999999999972	2	2.2099999999999955	1
2.229999999999995	3	0	0	0	0	0	0	1.6999999999999997	1	0	0	2.239999999999995	2	0	0	2.2499999999999947	1	1.8699999999999999	1	0	0	0	0	0	0	1.6999999999999997	1	0	0	0	0	1.6999999999999997	1	2.2499999999999947	1	0	0	2.1099999999999977	2	2.2499999999999947	1
2.239999999999995	3	0	0	0	0	1.7799999999999998	1	1.88	1	0	0	2.0	4	0	0	2.2599999999999945	1	1.7799999999999998	1	0	0	0	0	0	0	1.88	1	0	0	0	0	1.88	1	2.2599999999999945	1	0	0	2.1299999999999972	2	2.2599999999999945	1
2.2499999999999947	3	0	0	0	0	0	0	1.96	1	0	0	2.01	4	0	0	2.2699999999999942	1	2.01	4	0	0	0	0	0	0	1.96	1	0	0	0	0	2.149999999999997	2	2.2699999999999942	1	0	0	2.149999999999997	2	2.2699999999999942	1
2.2699999999999942	3	0	0	0	0	0	0	2.1299999999999972	2	0	0	2.049999999999999	4	0	0	2.279999999999994	1	2.049999999999999	4	0	0	0	0	0	0	1.96	1	0	0	0	0	2.1299999999999972	2	2.279999999999994	1	0	0	1.99	3	2.279999999999994	1
2.289999999999994	3	0	0	0	0	0	0	2.039999999999999	2	0	0	2.1099999999999977	4	0	0	2.3099999999999934	1	2.1099999999999977	4	0	0	0	0	0	0	1.96	1	0	0	0	0	2.039999999999999	2	2.3099999999999934	1	0	0	1.98	3	2.3099999999999934	1
2.289999999999994	3	0	0	0	0	0	0	2.0599999999999987	2	0	0	2.1199999999999974	4	0	0	2.329999999999993	1	2.1199999999999974	4	0	0	0	0	0	0	1.96	1	0	0	1.7199999999999998	1	2.0599999999999987	2	2.329999999999993	1	0	0	1.98	3	2.329999999999993	1
2.289999999999994	3	0	0	0	0	0	0	2.0699999999999985	2	0	0	2.1299999999999972	4	0	0	2.329999999999993	1	2.1299999999999972	4	0	0	0	0	0	0	1.96	1	0	0	1.7099999999999997	1	2.0699999999999985	2	2.329999999999993	1	0	0	1.98	3	2.329999999999993	1
2.3099999999999934	3	0	0	0	0	0	0	2.0799999999999983	2	0	0	2.139999999999997	4	0	0	2.329999999999993	1	2.139999999999997	4	0	0	0	0	0	0	1.96	1	0	0	0	0	2.0799999999999983	2	2.329999999999993	1	0	0	1.98	3	2.329999999999993	1
2.0	5	0	0	0	0	0	0	2.0599999999999987	2	0	0	2.149999999999997	4	0	0	2.369999999999992	1	2.149999999999997	4	0	0	0	0	0	0	1.96	1	0	0	0	0	2.0599999999999987	2	2.369999999999992	1	0	0	2.0599999999999987	2	2.369999999999992	1
2.0299999999999994	5	0	0	0	0	0	0	2.039999999999999	2	0	0	2.1699999999999964	4	0	0	2.3999999999999915	1	2.1699999999999964	4	0	0	0	0	0	0	1.96	1	0	0	0	0	2.039999999999999	2	2.3999999999999915	1	0	0	2.039999999999999	2	2.3999999999999915	1
2.049999999999999	5	0	0	0	0	0	0	2.0199999999999996	2	0	0	2.179999999999996	4	0	0	2.4099999999999913	1	2.179999999999996	4	0	0	0	0	0	0	1.96	1	0	0	0	0	2.0199999999999996	2	2.4099999999999913	1	0	0	2.0199999999999996	2	2.4099999999999913	1
2.049999999999999	5	0	0	0	0	0	0	1.9899999999999998	2	0	0	2.2199999999999953	4	0	0	2.419999999999991	1	2.2199999999999953	4	0	0	0	0	0	0	1.97	1	0	0	0	0	1.98	3	2.419999999999991	1	0	0	1.9899999999999998	2	2.419999999999991	1
2.049999999999999	5	0	0	0	0	1.6899999999999997	1	2.039999999999999	2	0	0	2.2499999999999947	2	0	0	2.429999999999991	1	2.229999999999995	4	0	0	0	0	0	0	1.97	1	0	0	0	0	1.99	3	2.429999999999991	1	0	0	2.039999999999999	2	2.429999999999991	1
2.0599999999999987	5	0	0	0	0	1.6399999999999997	1	2.1199999999999974	2	0	0	2.2499999999999947	2	0	0	2.4499999999999904	1	2.229999999999995	4	0	0	0	0	0	0	1.97	1	0	0	0	0	1.99	3	2.4499999999999904	1	0	0	2.1199999999999974	2	2.4499999999999904	1
1.9599999999999997	5	0	0	0	0	1.9599999999999997	5	2.049999999999999	3	0	0	2.2599999999999945	2	0	0	2.45999999999999	1	2.229999999999995	4	0	0	0	0	0	0	1.97	1	0	0	0	0	2.049999999999999	3	2.45999999999999	1	0	0	2.01	5	2.45999999999999	1
1.9099999999999997	5	0	0	0	0	1.9099999999999997	5	2.2699999999999942	2	0	0	2.2599999999999945	2	0	0	2.4799999999999898	1	2.229999999999995	4	0	0	0	0	0	0	1.99	4	0	0	0	0	2.2699999999999942	2	2.4799999999999898	1	1.5799999999999996	1	2.049999999999999	5	2.4799999999999898	1
1.9099999999999997	5	0	0	0	0	0	0	1.99	7	0	0	2.279999999999994	2	0	0	2.509999999999989	1	2.229999999999995	4	0	0	0	0	0	0	1.99	4	0	0	0	0	2.2999999999999936	2	2.509999999999989	1	1.5399999999999996	1	2.089999999999998	5	2.509999999999989	1
1.9299999999999997	5	0	0	0	0	0	0	1.94	7	0	0	2.319999999999993	2	0	0	2.519999999999989	1	2.229999999999995	4	0	0	0	0	0	0	1.99	4	0	0	0	0	2.289999999999994	2	2.519999999999989	1	1.5199999999999996	1	2.289999999999994	2	2.519999999999989	1
1.9799999999999998	5	0	0	0	0	0	0	1.91	1	0	0	2.3399999999999928	2	0	0	2.519999999999989	1	2.229999999999995	4	0	0	0	0	0	0	2.0	4	0	0	0	0	2.319999999999993	2	2.519999999999989	1	1.4899999999999995	1	2.319999999999993	2	2.519999999999989	1
1.9999999999999998	5	0	0	0	0	0	0	1.92	1	0	0	2.3399999999999928	2	0	0	2.519999999999989	1	2.229999999999995	4	0	0	0	0	0	0	2.0	4	0	0	0	0	2.3399999999999928	2	2.519999999999989	1	1.4599999999999995	1	2.0	8	2.519999999999989	1
2.01	5	0	0	0	0	0	0	1.95	7	0	0	2.3399999999999928	2	0	0	2.519999999999989	1	2.239999999999995	4	0	0	0	0	0	0	2.0	4	0	0	0	0	2.0	9	2.519999999999989	1	1.4399999999999995	1	2.0199999999999996	8	2.519999999999989	1
2.0199999999999996	5	0	0	0	0	0	0	1.95	7	0	0	2.3499999999999925	2	0	0	2.5399999999999885	1	2.239999999999995	4	0	0	0	0	0	0	2.0	4	0	0	0	0	1.9999999999999998	9	2.5399999999999885	1	1.4399999999999995	1	2.0199999999999996	6	2.5399999999999885	1
2.0299999999999994	5	0	0	0	0	0	0	1.92	7	0	0	2.379999999999992	2	0	0	2.5499999999999883	1	2.239999999999995	4	0	0	0	0	0	0	2.0	4	0	0	0	0	1.9899999999999998	9	2.5499999999999883	1	1.4299999999999995	1	2.0299999999999994	6	2.5499999999999883	1
2.039999999999999	5	0	0	0	0	0	0	1.89	7	0	0	2.4099999999999913	2	0	0	2.5499999999999883	1	2.2499999999999947	4	0	0	0	0	0	0	2.01	4	0	0	0	0	1.9899999999999998	9	2.5499999999999883	1	1.4199999999999995	1	2.039999999999999	6	2.5499999999999883	1
2.319999999999993	3	0	0	0	0	0	0	1.8499999999999999	7	0	0	2.429999999999991	2	0	0	2.5499999999999883	1	2.2599999999999945	4	0	0	0	0	0	0	2.01	4	0	0	0	0	1.9899999999999998	9	2.5499999999999883	1	1.4099999999999995	1	2.049999999999999	6	2.5499999999999883	1
2.3399999999999928	3	0	0	0	0	0	0	1.94	1	0	0	2.429999999999991	2	0	0	2.559999999999988	1	2.2599999999999945	4	0	0	0	0	0	0	2.01	4	0	0	0	0	1.9799999999999998	9	2.559999999999988	1	1.3899999999999995	1	2.089999999999998	3	2.559999999999988	1
2.3399999999999928	3	0	0	0	0	1.2999999999999994	1	2.0599999999999987	6	0	0	2.01	6	0	0	2.5799999999999876	1	2.2599999999999945	4	0	0	0	0	0	0	2.01	4	0	0	0	0	2.0199999999999996	9	2.5799999999999876	1	1.2999999999999994	1	2.3499999999999925	2	2.5799999999999876	1
2.3399999999999928	3	0	0	0	0	0	0	2.1199999999999974	6	0	0	2.01	6	0	0	2.609999999999987	1	2.2599999999999945	4	0	0	0	0	0	0	2.0199999999999996	4	0	0	0	0	2.01	9	2.609999999999987	1	1.2399999999999993	1	2.3899999999999917	2	2.609999999999987	1
2.369999999999992	3	0	0	0	0	0	0	2.1299999999999972	5	0	0	2.01	6	0	0	2.609999999999987	1	2.2599999999999945	4	0	0	0	0	0	0	2.039999999999999	4	0	0	0	0	2.039999999999999	4	2.609999999999987	1	1.2299999999999993	1	2.3999999999999915	2	2.609999999999987	1
2.3999999999999915	3	0	0	0	0	0	0	2.099999999999998	5	0	0	2.0599999999999987	5	0	0	2.6399999999999864	1	2.2599999999999945	4	0	0	0	0	0	0	2.0199999999999996	4	0	0	0	0	2.0199999999999996	4	2.6399999999999864	1	1.2199999999999993	1	2.4099999999999913	2	2.6399999999999864	1
2.429999999999991	3	0	0	0	0	0	0	1.9999999999999998	4	0	0	2.0799999999999983	5	0	0	2.649999999999986	1	2.2699999999999942	4	0	0	0	0	0	0	1.9999999999999998	4	0	0	0	0	1.9999999999999998	4	2.649999999999986	1	1.2199999999999993	1	2.4099999999999913	2	2.649999999999986	1
2.4399999999999906	3	0	0	0	0	0	0	1.96	1	0	0	2.1099999999999977	5	0	0	2.649999999999986	1	2.4399999999999906	2	0	0	0	0	0	0	1.9899999999999998	4	0	0	0	0	2.01	9	2.649999999999986	1	1.2099999999999993	1	2.419999999999991	2	2.649999999999986	1
2.4499999999999904	3	0	0	0	0	0	0	1.97	1	0	0	2.1299999999999972	5	0	0	2.649999999999986	1	2.4399999999999906	2	0	0	0	0	0	0	2.0299999999999994	9	0	0	0	0	2.0299999999999994	9	2.649999999999986	1	1.1799999999999993	1	2.4499999999999904	2	2.649999999999986	1
2.01	7	0	0	0	0	0	0	2.049999999999999	8	0	0	2.1299999999999972	5	0	0	2.659999999999986	1	2.4399999999999906	2	0	0	0	0	0	0	2.039999999999999	9	0	0	0	0	2.149999999999997	6	2.659999999999986	1	1.1399999999999992	1	2.45999999999999	2	2.659999999999986	1
2.0299999999999994	7	0	0	0	0	0	0	2.0599999999999987	8	0	0	2.139999999999997	5	0	0	2.659999999999986	1	2.4399999999999906	2	0	0	0	0	0	0	2.039999999999999	9	0	0	0	0	2.1599999999999966	6	2.659999999999986	1	1.1099999999999992	1	2.4899999999999896	2	2.659999999999986	1
2.1599999999999966	5	0	0	0	0	0	0	2.049999999999999	8	0	0	2.1599999999999966	5	0	0	2.6699999999999857	1	2.4499999999999904	2	0	0	0	0	0	0	2.039999999999999	9	0	0	0	0	2.1699999999999964	6	2.6699999999999857	1	1.1099999999999992	1	2.4899999999999896	2	2.6699999999999857	1
2.189999999999996	5	0	0	0	0	0	0	2.0799999999999983	8	0	0	2.189999999999996	5	0	0	2.6899999999999853	1	2.4499999999999904	2	0	0	0	0	0	0	2.039999999999999	9	0	0	0	0	2.179999999999996	6	2.6899999999999853	1	1.0799999999999992	1	2.519999999999989	2	2.6899999999999853	1
2.2099999999999955	5	0	0	0	0	0	0	2.0799999999999983	8	0	0	2.2099999999999955	5	0	0	2.709999999999985	1	2.4499999999999904	2	0	0	0	0	0	0	2.039999999999999	9	0	0	0	0	2.139999999999997	3	2.0	4	1.0599999999999992	1	2.5399999999999885	2	2.709999999999985	1
2.2699999999999942	5	0	0	0	0	1.0599999999999992	1	2.0199999999999996	8	0	0	2.2699999999999942	4	0	0	2.709999999999985	1	2.4499999999999904	2	0	0	0	0	0	0	2.039999999999999	9	0	0	0	0	2.139999999999997	3	2.0	4	1.0599999999999992	1	2.5399999999999885	2	2.709999999999985	1
2.2699999999999942	5	0	0	0	0	1.0299999999999991	1	2.1099999999999977	5	0	0	2.279999999999994	4	0	0	2.709999999999985	1	2.4499999999999904	2	0	0	0	0	0	0	2.039999999999999	9	0	0	0	0	2.1699999999999964	6	2.01	4	1.0299999999999991	1	2.5399999999999885	2	2.709999999999985	1
2.279999999999994	5	0	0	0	0	1.0399999999999991	1	2.099999999999998	5	0	0	2.279999999999994	4	0	0	2.709999999999985	1	2.4499999999999904	2	0	0	0	0	0	0	2.049999999999999	8	0	0	0	0	2.1699999999999964	6	2.01	4	1.0399999999999991	1	2.5399999999999885	2	2.709999999999985	1
2.289999999999994	5	0	0	0	0	1.0199999999999991	1	2.1199999999999974	5	0	0	2.279999999999994	4	0	0	2.7199999999999847	1	2.4499999999999904	2	0	0	0	0	0	0	2.049999999999999	8	0	0	0	0	2.179999999999996	6	2.01	4	1.0199999999999991	1	2.5399999999999885	2	2.7199999999999847	1
2.289999999999994	5	0	0	0	0	0.9799999999999991	1	2.1699999999999964	3	0	0	2.279999999999994	4	0	0	2.7199999999999847	1	2.4499999999999904	2	0	0	0	0	0	0	2.049999999999999	8	0	0	0	0	2.1599999999999966	6	2.0299999999999994	4	0.9799999999999991	1	2.0	10	2.7199999999999847	1
2.289999999999994	5	0	0	0	0	0	0	2.1699999999999964	6	0	0	2.289999999999994	4	0	0	2.7299999999999844	1	2.4499999999999904	2	0	0	0	0	0	0	2.049999999999999	8	0	0	0	0	2.1699999999999964	6	2.0299999999999994	4	0	0	2.0199999999999996	10	2.7299999999999844	1
2.289999999999994	5	0	0	0	0	0	0	2.1599999999999966	6	0	0	2.319999999999993	4	0	0	2.7299999999999844	1	2.4499999999999904	2	0	0	0	0	0	0	2.049999999999999	8	0	0	0	0	2.1599999999999966	6	2.0299999999999994	4	0	0	2.0199999999999996	10	2.7299999999999844	1
2.289999999999994	5	0	0	0	0	0	0	2.1699999999999964	6	0	0	2.329999999999993	4	0	0	2.7299999999999844	1	2.4499999999999904	2	0	0	0	0	0	0	2.0599999999999987	8	0	0	0	0	2.1699999999999964	6	2.0299999999999994	4	0	0	2.0199999999999996	10	2.7299999999999844	1
2.289999999999994	5	0	0	0	0	0	0	2.1599999999999966	6	0	0	2.45999999999999	2	0	0	2.7299999999999844	1	2.45999999999999	2	0	0	0	0	0	0	2.0599999999999987	8	0	0	0	0	2.1599999999999966	6	2.0299999999999994	4	0	0	2.0299999999999994	10	2.7299999999999844	1
2.3099999999999934	5	0	0	0	0	0	0	2.1599999999999966	6	0	0	2.46999999999999	2	0	0	2.7299999999999844	1	2.46999999999999	2	0	0	0	0	0	0	2.0599999999999987	8	0	0	0	0	2.1599999999999966	6	2.0299999999999994	4	0	0	2.0599999999999987	10	2.7299999999999844	1
2.3399999999999928	4	0	0	0	0	0	0	2.149999999999997	6	0	0	2.4799999999999898	2	0	0	2.7399999999999842	1	2.4799999999999898	2	0	0	0	0	0	0	2.0599999999999987	8	0	0	0	0	2.149999999999997	6	2.0299999999999994	4	0.9599999999999991	1	2.0699999999999985	10	2.7399999999999842	1
2.3499999999999925	4	0	0	0	0	0	0	2.149999999999997	6	0	0	2.4799999999999898	2	0	0	2.749999999999984	1	2.4799999999999898	2	0	0	0	0	0	0	2.0699999999999985	8	0	0	0	0	2.149999999999997	6	2.0299999999999994	4	0.9599999999999991	1	2.0699999999999985	10	2.749999999999984	1
2.3599999999999923	4	0	0	0	0	0	0	2.1699999999999964	6	0	0	2.4799999999999898	2	0	0	2.749999999999984	1	2.4799999999999898	2	0	0	0	0	0	0	2.0699999999999985	8	0	0	0	0	2.1699999999999964	6	2.0299999999999994	4	0.9499999999999991	1	2.0799999999999983	10	2.749999999999984	1
2.379999999999992	4	0	0	0	0	0	0	2.1599999999999966	6	0	0	2.4899999999999896	2	0	0	2.749999999999984	1	2.4899999999999896	2	0	0	0	0	0	0	2.0699999999999985	8	0	0	0	0	2.1599999999999966	6	2.0299999999999994	4	0.9399999999999991	1	2.089999999999998	10	2.749999999999984	1
2.379999999999992	4	0	0	0	0	0	0	2.1699999999999964	6	0	0	2.4999999999999893	2	0	0	2.749999999999984	1	2.4999999999999893	2	0	0	0	0	0	0	2.0699999999999985	8	0	0	0	0	2.1699999999999964	6	2.039999999999999	4	0.909999999999999	1	2.1199999999999974	10	2.749999999999984	1
2.3999999999999915	4	0	0	0	0	0	0	2.1699999999999964	6	0	0	2.509999999999989	2	0	0	2.749999999999984	1	2.509999999999989	2	0	0	0	0	0	0	2.089999999999998	8	0	0	0	0	2.1699999999999964	6	2.039999999999999	4	0.889999999999999	1	2.149999999999997	5	2.749999999999984	1
2.45999999999999	3	0	0	0	0	0.849999999999999	1	2.179999999999996	6	0	0	2.519999999999989	2	0	0	2.749999999999984	1	2.519999999999989	2	0	0	0	0	0	0	2.089999999999998	8	0	0	0	0	2.179999999999996	6	2.049999999999999	4	0.849999999999999	1	2.189999999999996	5	2.749999999999984	1
2.46999999999999	3	0	0	0	0	0.8099999999999989	1	2.189999999999996	6	0	0	2.519999999999989	2	0	0	2.749999999999984	1	2.519999999999989	2	0	0	0	0	0	0	2.089999999999998	8	0	0	0	0	2.189999999999996	6	2.0599999999999987	4	0	0	2.2199999999999953	5	2.749999999999984	1
2.519999999999989	2	0	0	0	0	0	0	2.229999999999995	5	0	0	2.519999999999989	2	0	0	2.749999999999984	1	2.519999999999989	2	0	0	0	0	0	0	2.089999999999998	8	0	0	0	0	2.229999999999995	6	2.0599999999999987	4	0	0	2.559999999999988	2	2.749999999999984	1
2.5399999999999885	2	0	0	0	0	0	0	2.2099999999999955	5	0	0	2.5399999999999885	2	0	0	2.749999999999984	1	2.5399999999999885	2	0	0	0	0	0	0	2.089999999999998	8	0	0	0	0	2.229999999999995	6	2.0599999999999987	4	0	0	2.559999999999988	2	2.749999999999984	1
2.01	8	0	0	0	0	0.7799999999999989	1	2.2099999999999955	3	0	0	2.559999999999988	2	0	0	2.7699999999999836	1	2.559999999999988	2	0	0	0	0	0	0	2.089999999999998	8	0	0	0	0	2.229999999999995	6	2.0699999999999985	4	0	0	2.559999999999988	2	2.7699999999999836	1
2.01	8	0	0	0	0	0.7899999999999989	1	2.1999999999999957	5	0	0	2.5899999999999874	2	0	0	2.7699999999999836	1	2.5899999999999874	2	0	0	0	0	0	0	2.089999999999998	8	0	0	0	0	2.239999999999995	6	2.0699999999999985	4	0	0	2.559999999999988	2	2.7699999999999836	1
2.0199999999999996	8	0	0	0	0	0.7799999999999989	1	2.2099999999999955	5	0	0	2.5899999999999874	2	0	0	2.7699999999999836	1	2.5899999999999874	2	0	0	0	0	0	0	2.089999999999998	8	0	0	0	0	2.2499999999999947	6	2.0699999999999985	4	0	0	2.569999999999988	2	2.7699999999999836	1
2.0199999999999996	8	0	0	0	0	2.01	6	2.1999999999999957	3	0	0	2.609999999999987	2	0	0	2.7699999999999836	1	2.0	9	0	0	0	0	0	0	2.089999999999998	8	0	0	0	0	2.2499999999999947	6	2.0799999999999983	4	0	0	2.5799999999999876	2	2.7699999999999836	1
2.0199999999999996	8	0	0	0	0	1.9599999999999997	6	2.2599999999999945	5	0	0	2.619999999999987	2	0	0	2.7699999999999836	1	2.0	9	0	0	0	0	0	0	2.089999999999998	8	0	0	0	0	2.289999999999994	6	2.0799999999999983	4	0	0	2.599999999999987	2	2.7699999999999836	1
2.0199999999999996	8	0	0	0	0	1.9599999999999997	6	2.2599999999999945	5	0	0	2.6299999999999866	2	0	0	2.7799999999999834	1	2.0	9	0	0	0	0	0	0	2.099999999999998	8	0	0	0	0	2.289999999999994	6	2.089999999999998	4	0	0	2.569999999999988	2	2.0199999999999996	5
2.0199999999999996	8	0	0	0	0	1.9099999999999997	6	2.599999999999987	2	0	0	2.6299999999999866	2	0	0	2.7799999999999834	1	2.0	9	0	0	0	0	0	0	2.1099999999999977	8	0	0	0.7599999999999989	1	2.599999999999987	2	2.099999999999998	4	0	0	2.599999999999987	2	2.039999999999999	5
2.0199999999999996	8	0	0	0	0	1.8799999999999997	6	2.649999999999986	2	0	0	2.6299999999999866	2	0	0	2.7799999999999834	1	2.0	9	0	0	0	0	0	0	2.1099999999999977	8	0	0	0.7499999999999989	1	2.649999999999986	2	2.099999999999998	4	0	0	2.649999999999986	2	2.049999999999999	5
2.0199999999999996	8	0	0	0	0	1.8599999999999997	6	2.6899999999999853	2	0	0	2.6299999999999866	2	0	0	2.7799999999999834	1	2.0	9	0	0	0	0	0	0	2.1099999999999977	8	0	0	0.7499999999999989	1	2.6899999999999853	2	2.099999999999998	4	0	0	2.6899999999999853	2	2.049999999999999	5
2.0599999999999987	7	0	0	0	0	1.8599999999999997	6	2.319999999999993	6	0	0	2.6299999999999866	2	0	0	2.7799999999999834	1	2.0	9	0	0	0	0	0	0	2.1199999999999974	8	0	0	0.7399999999999989	1	2.7199999999999847	2	2.1099999999999977	4	0	0	2.7199999999999847	2	2.0599999999999987	5
2.0599999999999987	7	0	0	0	0	1.8499999999999996	6	2.329999999999993	6	0	0	2.6299999999999866	2	0	0	2.7799999999999834	1	2.0	9	0	0	0	0	0	0	2.1199999999999974	8	0	0	0.7399999999999989	1	2.709999999999985	2	2.1099999999999977	4	0	0	2.709999999999985	2	2.0799999999999983	5
2.0699999999999985	7	0	0	0	0	1.7999999999999996	6	2.799999999999983	2	0	0	2.6299999999999866	2	0	0	2.7799999999999834	1	2.0	9	0	0	0	0	0	0	2.1299999999999972	8	0	0	0.6999999999999988	1	2.799999999999983	2	2.1099999999999977	4	0	0	2.799999999999983	2	2.0799999999999983	5
2.0699999999999985	7	0	0	0	0	1.7999999999999996	6	2.799999999999983	2	0	0	2.6299999999999866	2	0	0	2.7799999999999834	1	2.0	9	0	0	0	0	0	0	2.1299999999999972	8	0	0	0.6999999999999988	1	2.799999999999983	2	2.1099999999999977	4	0	0	2.799999999999983	2	2.0799999999999983	5
2.0699999999999985	7	0	0	0	0	1.7799999999999996	6	2.8299999999999823	2	0	0	2.6299999999999866	2	0	0	2.7799999999999834	1	2.0	9	0	0	0	0	0.6899999999999988	1	2.139999999999997	8	0	0	0.6899999999999988	1	2.8299999999999823	2	2.1099999999999977	4	0	0	2.8299999999999823	2	2.089999999999998	5
2.0799999999999983	7	0	0	0	0	1.7699999999999996	6	2.849999999999982	2	0	0	2.6299999999999866	2	0	0	2.7799999999999834	1	2.0	9	0	0	0	0	0.6899999999999988	1	2.139999999999997	8	0	0	0.6899999999999988	1	2.849999999999982	2	2.1199999999999974	4	0	0	2.849999999999982	2	2.089999999999998	5
2.089999999999998	7	0	0	0	0	1.7499999999999996	6	2.8699999999999815	2	0	0	2.6299999999999866	2	0	0	2.7799999999999834	1	2.0	9	0	0	0	0	0.6799999999999988	1	2.139999999999997	8	0	0	0.6799999999999988	1	2.8699999999999815	2	2.1199999999999974	4	0	0	2.8699999999999815	2	2.1199999999999974	5
2.089999999999998	7	0	0	0	0	1.7299999999999995	6	2.899999999999981	2	0	0	2.6299999999999866	2	0	0	2.7799999999999834	1	2.0	9	0	0	0	0	0.6599999999999988	1	2.139999999999997	8	0	0	0.6599999999999988	1	2.899999999999981	2	2.1199999999999974	4	0	0	2.899999999999981	2	2.1299999999999972	5
2.089999999999998	7	0	0	0	0	1.7299999999999995	6	2.889999999999981	2	0	0	2.6299999999999866	2	0	0	2.7799999999999834	1	2.01	9	0	0	0	0	0.6799999999999988	1	2.149999999999997	8	0	0	0.6799999999999988	1	2.889999999999981	2	2.1299999999999972	4	0	0	2.889999999999981	2	2.1299999999999972	5
2.099999999999998	7	0	0	0	0	0.6799999999999988	1	2.889999999999981	2	0	0	2.6299999999999866	2	0	0	2.7799999999999834	1	2.01	9	0	0	0	0	0.6799999999999988	1	2.149999999999997	8	0	0	0.6799999999999988	1	2.889999999999981	2	2.139999999999997	4	0	0	2.889999999999981	2	2.1299999999999972	5
2.1299999999999972	7	0	0	0	0	1.7199999999999995	6	2.8599999999999817	2	0	0	2.6399999999999864	2	0	0	2.7799999999999834	1	2.01	9	0	0	0	0	0.7199999999999989	1	2.149999999999997	8	0	0	0.7199999999999989	1	2.8599999999999817	2	2.7799999999999834	1	0	0	2.8599999999999817	2	2.7799999999999834	1
2.1299999999999972	7	0	0	0	0	1.7099999999999995	6	2.8799999999999812	2	0	0	2.6399999999999864	2	0	0	2.7799999999999834	1	2.01	9	0	0	0	0	0.7199999999999989	1	2.149999999999997	8	0	0	0.7199999999999989	1	2.8799999999999812	2	2.7799999999999834	1	0	0	2.8799999999999812	2	2.7799999999999834	1
2.149999999999997	7	0	0	0	0	1.7099999999999995	6	2.8799999999999812	2	0	0	2.6399999999999864	2	0	0	2.789999999999983	1	2.01	9	0	0	0	0	0.7199999999999989	1	2.149999999999997	8	0	0	0.7199999999999989	1	2.8799999999999812	2	2.0	6	0	0	2.8799999999999812	2	2.789999999999983	1
2.149999999999997	7	0	0	0	0	1.6999999999999995	6	2.899999999999981	2	0	0	2.649999999999986	2	0	0	2.789999999999983	1	2.0199999999999996	9	0	0	0	0	0.7199999999999989	1	2.149999999999997	8	0	0	0.7199999999999989	1	2.899999999999981	2	2.01	6	0	0	2.899999999999981	2	2.789999999999983	1
2.1699999999999964	7	0	0	0	0	0.7199999999999989	1	2.93999999999998	2	0	0	2.649999999999986	2	0	0	2.789999999999983	1	2.0199999999999996	9	0	0	0	0	0.7199999999999989	1	2.149999999999997	8	0	0	0.7199999999999989	1	2.93999999999998	2	2.0199999999999996	6	0	0	2.93999999999998	2	2.789999999999983	1
2.179999999999996	7	0	0	0	0	1.6999999999999995	6	2.899999999999981	2	0	0	2.649999999999986	2	0	0	2.8099999999999827	1	2.0199999999999996	9	0	0	0	0	0.7299999999999989	1	2.149999999999997	8	0	0	0.7299999999999989	1	2.899999999999981	2	2.0299999999999994	6	0	0	2.899999999999981	2	2.8099999999999827	1
2.179999999999996	7	0	0	0	0	1.6699999999999995	6	2.93999999999998	2	0	0	2.649999999999986	2	0	0	2.8099999999999827	1	2.0299999999999994	9	0	0	0	0	0.7299999999999989	1	2.1599999999999966	8	0	0	0	0	2.93999999999998	2	2.049999999999999	6	0	0	2.93999999999998	2	2.8099999999999827	1
2.179999999999996	7	0	0	0	0	1.6699999999999995	6	2.92999999999998	2	0	0	2.659999999999986	2	0	0	2.8099999999999827	1	2.0299999999999994	9	0	0	0	0	0.7299999999999989	1	2.1599999999999966	8	0	0	0	0	2.92999999999998	2	2.0699999999999985	6	0	0	2.92999999999998	2	2.8099999999999827	1
2.3099999999999934	5	0	0	0	0	2.01	8	2.93999999999998	2	0	0	2.659999999999986	2	0	0	2.8099999999999827	1	2.0299999999999994	9	0	0	0	0	0.7299999999999989	1	2.1599999999999966	8	0	0	0	0	2.93999999999998	2	2.0799999999999983	6	0	0	2.93999999999998	2	2.8099999999999827	1