agree-back-local	agree-front-rounded-nonlocal	agree-front-rounded-local	agree-back-nonlocal	agree-front-local	agree-nonhigh-front-local	agree-low-front-local	agree-double-front-local	use-front-bilabial	use-front-coronal-sonorant	use-front-sibilant	use-front-cc	use-back-monosyll-i
2.9199999999999817	0.8100000000000005	0.49000000000000027	3.559999999999968	1.340000000000001	1.6200000000000012	1.9900000000000013	1.400000000000001	0.3300000000000001	0	0.38000000000000017	0.7100000000000004	0.10999999999999999
3.1999999999999758	1.1600000000000008	0.7000000000000004	3.8799999999999613	1.1000000000000008	1.6700000000000013	2.4099999999999926	1.270000000000001	0.5800000000000003	0	0.7100000000000004	1.0700000000000007	0.04
3.3399999999999728	1.370000000000001	0.8200000000000005	4.009999999999959	0.8500000000000005	1.6800000000000013	2.7499999999999853	1.310000000000001	0.8900000000000006	0.01	0.9400000000000006	1.370000000000001	0.01
3.3899999999999717	1.6400000000000012	0.9500000000000006	4.019999999999959	0.8500000000000005	1.7900000000000014	2.7399999999999856	1.450000000000001	1.0800000000000007	0	1.0500000000000007	1.6400000000000012	0.060000000000000005
3.3899999999999717	1.8000000000000014	1.0600000000000007	4.0299999999999585	0.5200000000000002	1.8700000000000014	2.6999999999999864	1.470000000000001	1.1500000000000008	0.02	1.0500000000000007	1.7000000000000013	0.21000000000000005
3.569999999999968	1.9700000000000015	1.1800000000000008	4.039999999999958	0.17999999999999994	1.9900000000000013	2.9899999999999802	1.6700000000000013	1.2000000000000008	0	1.2500000000000009	1.7500000000000013	0.24000000000000005
3.7299999999999645	2.1199999999999988	1.2300000000000009	3.8899999999999615	0.15	2.149999999999998	3.049999999999979	1.7500000000000013	1.2500000000000009	0.009999999999999997	1.320000000000001	1.8400000000000014	0.23000000000000004
3.709999999999965	2.199999999999997	1.270000000000001	3.869999999999962	0.03	1.9400000000000013	3.189999999999976	1.5400000000000011	1.360000000000001	0	1.390000000000001	1.7100000000000013	0.23000000000000004
3.849999999999962	2.3299999999999943	1.300000000000001	3.8399999999999626	0.04	2.0000000000000013	3.3499999999999726	1.500000000000001	1.310000000000001	0	1.320000000000001	1.8200000000000014	0.21000000000000002
3.839999999999962	2.489999999999991	1.360000000000001	3.859999999999962	0.019999999999999997	2.010000000000001	3.3099999999999734	1.460000000000001	1.300000000000001	0.009999999999999997	1.330000000000001	1.8800000000000014	0.19
3.849999999999962	2.569999999999989	1.370000000000001	3.7499999999999645	0.09999999999999999	2.0500000000000003	3.3499999999999726	1.490000000000001	1.350000000000001	0.01	1.2400000000000009	1.9300000000000015	0.2700000000000001
3.8799999999999613	2.7399999999999856	1.440000000000001	3.6999999999999655	0	1.8700000000000012	3.419999999999971	1.2200000000000009	1.280000000000001	0	1.300000000000001	1.9500000000000015	0.25000000000000006
3.849999999999962	2.8399999999999834	1.470000000000001	3.809999999999963	0	1.9100000000000013	3.46999999999997	1.280000000000001	1.290000000000001	0	1.360000000000001	1.9000000000000015	0.2900000000000001
4.0299999999999585	2.909999999999982	1.480000000000001	3.94999999999996	0.05	1.8500000000000012	3.5299999999999687	1.410000000000001	1.350000000000001	0	1.350000000000001	1.8600000000000014	0.25000000000000006
3.8899999999999615	3.00999999999998	1.5100000000000011	3.769999999999964	0.10999999999999999	1.700000000000001	3.5299999999999687	1.360000000000001	1.310000000000001	0.05	1.5100000000000011	1.9800000000000015	0.18
4.0299999999999585	3.0799999999999783	1.5100000000000011	3.8899999999999615	0.15	1.7800000000000011	3.5299999999999687	1.370000000000001	1.2500000000000009	0	1.5400000000000011	2.010000000000001	0.12999999999999995
3.95999999999996	3.1299999999999772	1.5300000000000011	3.769999999999964	0.08	1.8800000000000012	3.609999999999967	1.430000000000001	1.310000000000001	0.04	1.450000000000001	1.9800000000000013	0.07999999999999997
3.94999999999996	3.1699999999999764	1.5400000000000011	3.8399999999999626	0	1.8900000000000012	3.5799999999999677	1.2100000000000009	1.280000000000001	0.01	1.390000000000001	1.9600000000000013	0.03999999999999997
3.9399999999999604	3.2199999999999753	1.5700000000000012	3.8299999999999628	0.13999999999999999	1.8700000000000012	3.5999999999999672	1.2500000000000009	1.2200000000000009	0	1.440000000000001	1.9100000000000013	0.07999999999999997
4.019999999999959	3.279999999999974	1.6100000000000012	3.7899999999999636	0.019999999999999997	1.750000000000001	3.5999999999999672	1.1200000000000008	1.2500000000000009	0	1.350000000000001	1.7900000000000011	0.12999999999999995
4.069999999999958	3.3599999999999723	1.6100000000000012	3.779999999999964	0.08	1.8600000000000012	3.609999999999967	1.1500000000000008	1.1900000000000008	0.03	1.310000000000001	1.730000000000001	0.11999999999999995
3.96999999999996	3.3899999999999717	1.6300000000000012	3.8799999999999617	0	1.8300000000000012	3.5899999999999674	1.0400000000000007	1.1900000000000008	0	1.1500000000000008	1.740000000000001	0.15999999999999998
3.8999999999999613	3.429999999999971	1.6400000000000012	3.769999999999964	0.04	1.610000000000001	3.5999999999999672	1.2100000000000009	1.2500000000000009	0.019999999999999997	1.0600000000000007	1.610000000000001	0.12999999999999995
3.809999999999963	3.4499999999999704	1.6600000000000013	3.639999999999967	0.02	1.660000000000001	3.659999999999966	1.2400000000000009	1.2500000000000009	0.01	1.2000000000000008	1.580000000000001	0.10999999999999996
3.7899999999999636	3.4399999999999706	1.6400000000000012	3.7899999999999636	0	1.5000000000000009	3.649999999999966	1.1000000000000008	1.1900000000000008	0.02	1.2300000000000009	1.5000000000000009	0.10999999999999996
3.6999999999999655	3.4899999999999696	1.6500000000000012	3.869999999999962	0.07	1.510000000000001	3.6399999999999664	1.270000000000001	1.1600000000000008	0.01	1.1600000000000008	1.530000000000001	0.13999999999999996
3.719999999999965	3.5299999999999687	1.6900000000000013	3.819999999999963	0.12999999999999998	1.670000000000001	3.759999999999964	1.270000000000001	1.1700000000000008	0.05	1.2200000000000009	1.570000000000001	0.11999999999999995
3.769999999999964	3.569999999999968	1.7100000000000013	3.9299999999999606	0.049999999999999975	1.4500000000000008	3.849999999999962	1.2200000000000009	1.1500000000000008	0	1.320000000000001	1.540000000000001	0.15999999999999998
3.7099999999999653	3.5999999999999672	1.7200000000000013	3.8799999999999617	0	1.560000000000001	3.9599999999999596	0.9400000000000006	1.2000000000000008	0	1.300000000000001	1.660000000000001	0.09999999999999996
3.629999999999967	3.6299999999999666	1.7300000000000013	3.95999999999996	0.03	1.600000000000001	4.009999999999959	0.8600000000000005	1.1500000000000008	0.04	1.270000000000001	1.670000000000001	0.14999999999999997
3.6499999999999666	3.7199999999999647	1.7300000000000013	4.109999999999957	0.02	1.5000000000000009	4.009999999999959	1.0200000000000007	1.1400000000000008	0	1.2500000000000009	1.660000000000001	0.09999999999999996
3.669999999999966	3.7399999999999642	1.7400000000000013	4.149999999999956	0.03	1.520000000000001	4.009999999999959	0.9600000000000006	1.2000000000000008	0.01	1.260000000000001	1.720000000000001	0.049999999999999975
3.7099999999999653	3.7799999999999634	1.7600000000000013	3.9299999999999606	0.09999999999999999	1.4300000000000008	4.2199999999999545	0.9800000000000006	1.2000000000000008	0.01	1.340000000000001	1.7800000000000011	0.05999999999999998
3.7999999999999634	3.8199999999999625	1.7600000000000013	4.099999999999957	0	1.3600000000000008	4.179999999999955	1.1700000000000008	1.2000000000000008	0	1.280000000000001	1.8300000000000012	0.01
3.8899999999999615	3.839999999999962	1.7600000000000013	4.129999999999956	0.019999999999999997	1.4400000000000008	4.139999999999956	1.0400000000000007	1.2300000000000009	0.01	1.440000000000001	1.8400000000000012	0.09
3.859999999999962	3.8799999999999613	1.7600000000000013	3.999999999999959	0.01	1.3400000000000007	4.199999999999955	0.7800000000000005	1.1700000000000008	0	1.430000000000001	1.7900000000000011	0.16
3.859999999999962	3.899999999999961	1.7600000000000013	3.9399999999999604	0.09	1.4400000000000008	4.229999999999954	0.7400000000000004	1.2100000000000009	0	1.460000000000001	1.9000000000000012	0.19000000000000003
3.95999999999996	3.9499999999999598	1.7800000000000014	3.96999999999996	0.04	1.3400000000000007	4.249999999999954	0.8700000000000006	1.2300000000000009	0	1.380000000000001	1.8700000000000012	0.26000000000000006
3.95999999999996	3.979999999999959	1.7800000000000014	3.8999999999999613	0.02	1.2100000000000006	4.289999999999953	1.0500000000000007	1.350000000000001	0	1.290000000000001	1.7700000000000011	0.23000000000000004
3.909999999999961	3.9999999999999587	1.7800000000000014	3.8399999999999626	0.019999999999999997	1.1400000000000006	4.259999999999954	1.1000000000000008	1.2500000000000009	0.01	1.430000000000001	1.740000000000001	0.2700000000000001
3.7899999999999636	4.059999999999958	1.8000000000000014	3.7899999999999636	0.009999999999999997	0.9100000000000004	4.209999999999955	1.1700000000000008	1.310000000000001	0.01	1.270000000000001	1.670000000000001	0.2900000000000001
3.869999999999962	4.089999999999957	1.8000000000000014	3.859999999999962	0.060000000000000005	1.1500000000000006	4.269999999999953	1.0500000000000007	1.300000000000001	0.02	1.2500000000000009	1.570000000000001	0.38000000000000017
3.8399999999999626	4.149999999999956	1.8100000000000014	3.859999999999962	0	1.2900000000000007	4.249999999999954	0.9000000000000006	1.360000000000001	0	1.290000000000001	1.590000000000001	0.4000000000000002
3.8499999999999623	4.179999999999955	1.8200000000000014	3.95999999999996	0.11999999999999998	1.1700000000000006	4.239999999999954	0.9700000000000006	1.270000000000001	0.060000000000000005	1.490000000000001	1.620000000000001	0.38000000000000017
3.8499999999999623	4.2199999999999545	1.8400000000000014	4.039999999999958	0	1.0800000000000005	4.2199999999999545	0.9800000000000006	1.280000000000001	0	1.430000000000001	1.560000000000001	0.3900000000000002
3.96999999999996	4.209999999999955	1.8300000000000014	4.139999999999956	0.19000000000000003	1.0800000000000005	4.329999999999952	1.1000000000000008	1.310000000000001	0.02	1.400000000000001	1.510000000000001	0.37000000000000016
3.7899999999999636	4.209999999999955	1.8300000000000014	3.9299999999999606	0.019999999999999997	1.0200000000000005	4.329999999999952	0.7400000000000004	1.330000000000001	0.02	1.440000000000001	1.550000000000001	0.37000000000000016
3.8499999999999623	4.2199999999999545	1.8400000000000014	4.039999999999958	0	0.9900000000000004	4.349999999999952	0.9800000000000006	1.330000000000001	0	1.500000000000001	1.600000000000001	0.4100000000000002
3.7399999999999647	4.229999999999954	1.8300000000000014	3.96999999999996	0	0.7900000000000003	4.269999999999953	0.9600000000000006	1.390000000000001	0	1.450000000000001	1.570000000000001	0.38000000000000017
3.8299999999999628	4.289999999999953	1.8600000000000014	4.059999999999958	0.019999999999999997	0.9700000000000004	4.40999999999995	0.8200000000000005	1.400000000000001	0.01	1.440000000000001	1.5000000000000009	0.34000000000000014
3.909999999999961	4.329999999999952	1.8600000000000014	4.149999999999956	0.02	0.8900000000000003	4.399999999999951	1.0100000000000007	1.370000000000001	0	1.340000000000001	1.4900000000000009	0.34000000000000014
3.909999999999961	4.3599999999999515	1.8700000000000014	3.9899999999999594	0	0.7900000000000003	4.379999999999951	1.2100000000000009	1.340000000000001	0	1.290000000000001	1.3900000000000008	0.37000000000000016
3.859999999999962	4.369999999999951	1.8700000000000014	3.94999999999996	0	0.8800000000000003	4.389999999999951	1.0600000000000007	1.360000000000001	0	1.310000000000001	1.3400000000000007	0.3900000000000002
3.809999999999963	4.40999999999995	1.8700000000000014	3.919999999999961	0.09999999999999999	0.8300000000000003	4.349999999999952	0.8900000000000006	1.340000000000001	0	1.1700000000000008	1.2700000000000007	0.4200000000000002
3.809999999999963	4.42999999999995	1.8700000000000014	3.909999999999961	0.12999999999999998	0.9300000000000004	4.42999999999995	0.9100000000000006	1.390000000000001	0	1.320000000000001	1.3000000000000007	0.4100000000000002
3.809999999999963	4.4499999999999496	1.8800000000000014	3.7999999999999634	0	0.8500000000000003	4.43999999999995	0.8300000000000005	1.380000000000001	0	1.270000000000001	1.2000000000000006	0.47000000000000025
3.7599999999999643	4.479999999999949	1.8800000000000014	3.7999999999999634	0	0.8200000000000003	4.519999999999948	0.7900000000000005	1.380000000000001	0	1.290000000000001	1.1900000000000006	0.4400000000000002
3.7999999999999634	4.4999999999999485	1.8900000000000015	3.779999999999964	0.08	1.0000000000000004	4.509999999999948	0.9000000000000006	1.370000000000001	0	1.2200000000000009	1.1300000000000006	0.4400000000000002
3.909999999999961	4.519999999999948	1.8900000000000015	3.9399999999999604	0	1.1100000000000005	4.509999999999948	0.8400000000000005	1.310000000000001	0.03	1.2300000000000009	1.1600000000000006	0.45000000000000023
3.8299999999999628	4.529999999999948	1.8900000000000015	3.8399999999999626	0	1.0300000000000005	4.649999999999945	0.8900000000000006	1.350000000000001	0	1.290000000000001	1.2400000000000007	0.45000000000000023
3.819999999999963	4.549999999999947	1.8900000000000015	3.96999999999996	0.07	0.8900000000000003	4.40999999999995	0.9200000000000006	1.430000000000001	0	1.2500000000000009	1.1600000000000006	0.37000000000000016
3.809999999999963	4.579999999999947	1.9000000000000015	4.049999999999958	0.01	1.0300000000000005	4.41999999999995	0.8100000000000005	1.430000000000001	0	1.390000000000001	1.2500000000000007	0.37000000000000016
3.859999999999962	4.629999999999946	1.9300000000000015	4.159999999999956	0.01	1.0100000000000005	4.42999999999995	0.8200000000000005	1.400000000000001	0	1.360000000000001	1.2200000000000006	0.37000000000000016
3.8299999999999628	4.629999999999946	1.9200000000000015	4.089999999999957	0.009999999999999997	1.1800000000000006	4.399999999999951	0.6400000000000003	1.420000000000001	0	1.340000000000001	1.2200000000000006	0.37000000000000016
3.7099999999999653	4.649999999999945	1.9200000000000015	3.8799999999999617	0.01	0.9200000000000004	4.3599999999999515	0.8000000000000005	1.400000000000001	0	1.350000000000001	1.2600000000000007	0.3900000000000002
3.7599999999999643	4.679999999999945	1.9400000000000015	3.9399999999999604	0	0.9600000000000004	4.42999999999995	0.8100000000000005	1.430000000000001	0.01	1.380000000000001	1.3100000000000007	0.38000000000000017
3.7599999999999643	4.679999999999945	1.9400000000000015	4.159999999999956	0.01	0.8100000000000003	4.40999999999995	0.8000000000000005	1.430000000000001	0.02	1.400000000000001	1.2700000000000007	0.36000000000000015
3.729999999999965	4.679999999999945	1.9300000000000015	4.139999999999956	0.07	1.0500000000000005	4.529999999999948	0.6700000000000004	1.390000000000001	0.019999999999999997	1.5100000000000011	1.3300000000000007	0.38000000000000017
3.639999999999967	4.719999999999944	1.9300000000000015	4.009999999999959	0	1.0100000000000005	4.459999999999949	0.6800000000000004	1.310000000000001	0	1.450000000000001	1.3500000000000008	0.4100000000000002
3.7399999999999647	4.709999999999944	1.9200000000000015	4.089999999999957	0	0.9800000000000004	4.4499999999999496	0.8000000000000005	1.280000000000001	0	1.370000000000001	1.3500000000000008	0.47000000000000025
3.7899999999999636	4.729999999999944	1.9300000000000015	4.019999999999959	0.02	0.8400000000000003	4.549999999999947	0.7200000000000004	1.310000000000001	0.01	1.430000000000001	1.4000000000000008	0.4300000000000002
3.909999999999961	4.769999999999943	1.9400000000000015	4.139999999999956	0.03	0.7700000000000002	4.519999999999948	0.7100000000000004	1.320000000000001	0.04	1.5400000000000011	1.4200000000000008	0.47000000000000025
3.909999999999961	4.7799999999999425	1.9300000000000015	4.179999999999955	0.03	0.7300000000000002	4.459999999999949	0.6500000000000004	1.310000000000001	0.02	1.6100000000000012	1.3800000000000008	0.47000000000000025
3.8399999999999626	4.799999999999942	1.9300000000000015	4.2199999999999545	0	0.7500000000000002	4.4999999999999485	0.8600000000000005	1.420000000000001	0	1.5600000000000012	1.4000000000000008	0.47000000000000025
3.779999999999964	4.789999999999942	1.9300000000000015	4.1699999999999555	0.03	0.7300000000000002	4.569999999999947	0.4700000000000002	1.460000000000001	0.01	1.6600000000000013	1.4400000000000008	0.5000000000000002
3.7399999999999647	4.8299999999999415	1.9500000000000015	4.089999999999957	0.03	0.8300000000000003	4.649999999999945	0.5300000000000002	1.420000000000001	0	1.6500000000000012	1.4400000000000008	0.5400000000000003
3.6999999999999655	4.839999999999941	1.9500000000000015	4.239999999999954	0	0.6400000000000001	4.4499999999999496	0.6400000000000003	1.440000000000001	0	1.5900000000000012	1.4100000000000008	0.5500000000000003
3.679999999999966	4.869999999999941	1.9500000000000015	4.3099999999999525	0	0.54	4.42999999999995	0.7800000000000005	1.410000000000001	0	1.6400000000000012	1.4100000000000008	0.5500000000000003
3.6199999999999672	4.87999999999994	1.9500000000000015	4.049999999999958	0.09999999999999999	0.7100000000000002	4.519999999999948	0.7200000000000004	1.450000000000001	0.02	1.6600000000000013	1.4700000000000009	0.5800000000000003
3.679999999999966	4.90999999999994	1.9500000000000015	4.179999999999955	0.019999999999999997	0.7400000000000002	4.4499999999999496	0.7800000000000005	1.460000000000001	0	1.6700000000000013	1.4200000000000008	0.5800000000000003
3.769999999999964	4.9199999999999395	1.9500000000000015	4.1699999999999555	0.01	0.56	4.509999999999948	0.5400000000000003	1.470000000000001	0	1.7300000000000013	1.530000000000001	0.6300000000000003
3.809999999999963	4.949999999999939	1.9600000000000015	4.289999999999953	0.019999999999999997	0.55	4.579999999999947	0.42000000000000015	1.430000000000001	0	1.6500000000000012	1.4900000000000009	0.6500000000000004
3.669999999999966	4.949999999999939	1.9700000000000015	4.229999999999954	0.04	0.6900000000000002	4.519999999999948	0.5300000000000002	1.450000000000001	0	1.7000000000000013	1.4600000000000009	0.6400000000000003
3.6499999999999666	4.9699999999999385	1.9800000000000015	4.159999999999956	0.01	0.7000000000000002	4.599999999999946	0.6300000000000003	1.440000000000001	0	1.6600000000000013	1.560000000000001	0.6500000000000004
3.6599999999999664	4.949999999999939	1.9700000000000015	4.199999999999955	0.04	0.7000000000000002	4.669999999999945	0.6900000000000004	1.390000000000001	0.01	1.6400000000000012	1.530000000000001	0.6600000000000004
3.7899999999999636	4.989999999999938	1.9700000000000015	4.159999999999956	0.03	0.8100000000000003	4.689999999999944	0.6700000000000004	1.370000000000001	0.01	1.5800000000000012	1.4700000000000009	0.6800000000000004
3.719999999999965	4.989999999999938	1.9700000000000015	4.139999999999956	0.009999999999999997	0.5800000000000001	4.649999999999945	0.5400000000000003	1.440000000000001	0	1.6100000000000012	1.4900000000000009	0.6900000000000004
3.7099999999999653	5.009999999999938	1.9700000000000015	4.099999999999957	0	0.6900000000000002	4.749999999999943	0.5900000000000003	1.470000000000001	0	1.6700000000000013	1.4700000000000009	0.6800000000000004
3.769999999999964	5.029999999999937	1.9700000000000015	4.289999999999953	0.01	0.7600000000000002	4.769999999999943	0.5200000000000002	1.460000000000001	0.01	1.7900000000000014	1.4000000000000008	0.6700000000000004
3.729999999999965	5.049999999999937	1.9600000000000015	4.269999999999953	0.009999999999999997	0.6800000000000002	4.719999999999944	0.5400000000000003	1.440000000000001	0	1.7700000000000014	1.3900000000000008	0.6500000000000004
3.6099999999999675	5.039999999999937	1.9600000000000015	4.139999999999956	0.07	0.8800000000000003	4.7799999999999425	0.5100000000000002	1.5200000000000011	0.060000000000000005	1.7400000000000013	1.5000000000000009	0.6300000000000003
3.539999999999969	5.049999999999937	1.9400000000000015	4.089999999999957	0	0.8200000000000003	4.7799999999999425	0.41000000000000014	1.500000000000001	0	1.6700000000000013	1.4600000000000009	0.6400000000000003
3.5999999999999677	5.069999999999936	1.9500000000000015	4.279999999999953	0	0.9500000000000004	4.759999999999943	0.32000000000000006	1.500000000000001	0	1.7200000000000013	1.4300000000000008	0.6300000000000003
3.589999999999968	5.1099999999999355	1.9600000000000015	4.42999999999995	0.05	0.8600000000000003	4.699999999999944	0.4700000000000002	1.5200000000000011	0	1.7700000000000014	1.3300000000000007	0.6400000000000003
3.529999999999969	5.159999999999934	1.9700000000000015	4.389999999999951	0.07	0.8500000000000003	4.749999999999943	0.31000000000000005	1.5700000000000012	0.01	1.7600000000000013	1.4200000000000008	0.6100000000000003
3.439999999999971	5.179999999999934	1.9800000000000015	4.269999999999953	0.01	0.8000000000000003	4.699999999999944	0.33000000000000007	1.5600000000000012	0	1.7800000000000014	1.4600000000000009	0.5900000000000003
3.48999999999997	5.179999999999934	1.9900000000000015	4.179999999999955	0	0.7800000000000002	4.689999999999944	0.6700000000000004	1.480000000000001	0	1.7000000000000013	1.4800000000000009	0.6000000000000003
3.5699999999999683	5.159999999999934	1.9900000000000015	4.319999999999952	0	0.7400000000000002	4.569999999999947	0.5000000000000002	1.430000000000001	0.01	1.6000000000000012	1.3200000000000007	0.6300000000000003
3.5599999999999685	5.189999999999934	1.9900000000000015	4.349999999999952	0.02	0.6200000000000001	4.669999999999945	0.43000000000000016	1.490000000000001	0	1.5600000000000012	1.3000000000000007	0.6300000000000003
3.579999999999968	5.189999999999934	2.0000000000000013	4.229999999999954	0.009999999999999997	0.7200000000000002	4.729999999999944	0.27	1.490000000000001	0.01	1.6000000000000012	1.2900000000000007	0.6300000000000003